1000
0	5001000077	500100.0287
1	5001000046	500100.0066
2	5001000232	500100.0264
3	5001000089	500100.0147
4	5001000299	500100.0211
5	5001000279	500100.0001
6	5001000059	500100.0165
7	5001000030	500100.0046
8	5001000300	500100.0042
9	5001000033	500100.0135
10	5001000036	500100.0008
11	5001000049	500100.0132
12	5001000173	500100.0091
13	5001000281	500100.0017
14	5001000170	500100.0012
15	5001000157	500100.014
16	5001000290	500100.019
17	5001000080	500100.0291
18	5001000114	500100.0202
19	5001000300	500100.011
20	5001000224	500100.0021
21	5001000299	500100.0258
22	5001000284	500100.0279
23	5001000204	500100.0251
24	5001000153	500100.0011
25	5001000284	500100.0028
26	5001000003	500100.0038
27	5001000156	500100.0248
28	5001000137	500100.0089
29	5001000262	500100.0132
30	5001000228	500100.0032
31	5001000082	500100.0064
32	5001000087	500100.0207
33	5001000036	500100.0093
34	5001000007	500100.0202
35	5001000232	500100.0215
36	5001000128	500100.0053
37	5001000039	500100.02
38	5001000227	500100.0184
39	5001000007	500100.0233
40	5001000111	500100.0277
41	5001000033	500100.0059
42	5001000016	500100.0081
43	5001000276	500100.0247
44	5001000242	500100.0068
45	5001000104	500100.0137
46	5001000216	500100.0293
47	5001000155	500100.0078
48	5001000247	500100.0084
49	5001000260	500100.0216
50	5001000006	500100.0253
51	5001000289	500100.0039
52	5001000164	500100.0159
53	5001000053	500100.0242
54	5001000243	500100.0056
55	5001000005	500100.0227
56	5001000211	500100.0297
57	5001000231	500100.0111
58	5001000093	500100.015
59	5001000243	500100.0165
60	5001000013	500100.0237
61	5001000166	500100.0004
62	5001000065	500100.0184
63	5001000153	500100.0133
64	5001000068	500100.0025
65	5001000197	500100.0097
66	5001000127	500100.019
67	5001000030	500100.0109
68	5001000292	500100.027
69	5001000089	500100.0231
70	5001000289	500100.0026
71	5001000131	500100.0152
72	5001000297	500100.0085
73	5001000092	500100.0058
74	5001000177	500100.0126
75	5001000092	500100.0056
76	5001000290	500100.0085
77	2501000278	250100.0105
78	2501000166	250100.0038
79	2501000037	250100.0287
80	2501000262	250100.0157
81	2501000097	250100.0261
82	2501000112	250100.0191
83	2501000168	250100.0019
84	2501000246	250100.0206
85	2501000036	250100.0183
86	2501000071	250100.0137
87	2501000234	250100.0078
88	2501000073	250100.0183
89	2501000138	250100.0269
90	2501000216	250100.0036
91	2501000282	250100.0175
92	2501000062	250100.0297
93	2501000153	250100.0187
94	2501000042	250100.0027
95	2501000085	250100.0242
96	2501000191	250100.0015
97	2501000272	250100.0148
98	2501000121	250100.016
99	2501000131	250100.0245
100	2501000109	250100.0253
101	2501000148	250100.0267
102	2501000219	250100.0091
103	2501000085	250100.024
104	2501000222	250100.0027
105	2501000232	250100.0239
106	2501000295	250100.0079
107	2501000143	250100.0178
108	2501000020	250100.0152
109	2501000007	250100.0218
110	2501000293	250100.0044
111	2501000232	250100.0267
112	2501000089	250100.0053
113	2501000191	250100.0281
114	2501000043	250100.0033
115	2501000230	250100.0184
116	2501000104	250100.0283
117	2501000276	250100.0242
118	2501000090	250100.009
119	2501000168	250100.0199
120	2501000082	250100.0204
121	2501000118	250100.0262
122	2501000261	250100.0136
123	2501000019	250100.0028
124	2501000103	250100.0234
125	2501000188	250100.0241
126	2501000048	250100.0214
127	2501000040	250100.0003
128	2501000015	250100.0269
129	2501000116	250100.0269
130	2501000087	250100.0284
131	2501000251	250100.0036
132	2501000111	250100.0125
133	2501000147	250100.0133
134	2501000257	250100.0103
135	2501000097	250100.0107
136	2501000118	250100.0142
137	2501000200	250100.0231
138	2501000203	250100.0013
139	2501000021	250100.0127
140	2501000182	250100.0294
141	2501000161	250100.0206
142	2501000073	250100.0075
143	2501000132	250100.026
144	2501000004	250100.0274
145	2501000026	250100.0029
146	2501000032	250100.0189
147	2501000103	250100.026
148	2501000224	250100.0267
149	2501000282	250100.0207
150	2501000015	250100.0173
151	2501000278	250100.009
152	2501000254	250100.0006
153	2501000116	250100.0013
154	1251000080	125100.0127
155	1251000114	125100.0297
156	1251000143	125100.0069
157	1251000041	125100.0261
158	1251000032	125100.0114
159	1251000025	125100.0181
160	1251000106	125100.0045
161	1251000161	125100.0221
162	1251000047	125100.0047
163	1251000023	125100.007
164	1251000158	125100.0026
165	1251000015	125100.0067
166	1251000283	125100.0288
167	1251000247	125100.0112
168	1251000103	125100.0086
169	1251000029	125100.0148
170	1251000181	125100.0262
171	1251000002	125100.005
172	1251000225	125100.0299
173	1251000271	125100.0158
174	1251000281	125100.0018
175	1251000220	125100.0089
176	1251000109	125100.0019
177	1251000199	125100.0271
178	1251000282	125100.0131
179	1251000294	125100.0289
180	1251000229	125100.0182
181	1251000046	125100.0285
182	1251000111	125100.007
183	1251000027	125100.0298
184	1251000106	125100.0246
185	1251000078	125100.0123
186	1251000290	125100.0093
187	1251000026	125100.0207
188	1251000001	125100.0197
189	1251000289	125100.0065
190	1251000082	125100.0012
191	1251000176	125100.0174
192	1251000230	125100.0152
193	1251000214	125100.0061
194	1251000186	125100.0136
195	1251000142	125100.0059
196	1251000072	125100.0111
197	1251000206	125100.0116
198	1251000210	125100.0125
199	1251000035	125100.0049
200	1251000103	125100.0253
201	1251000169	125100.0195
202	1251000175	125100.017
203	1251000070	125100.0175
204	1251000197	125100.0233
205	1251000240	125100.0054
206	1251000061	125100.0087
207	1251000126	125100.0152
208	1251000224	125100.0146
209	1251000177	125100.0067
210	1251000283	125100.0115
211	1251000289	125100.0084
212	1251000047	125100.0004
213	1251000160	125100.025
214	1251000101	125100.0041
215	1251000089	125100.0144
216	1251000237	125100.0051
217	1251000275	125100.0282
218	1251000204	125100.0221
219	1251000237	125100.0013
220	1251000170	125100.018
221	1251000129	125100.0218
222	1251000020	125100.024
223	1251000151	125100.0039
224	1251000109	125100.0267
225	1251000052	125100.0101
226	1251000072	125100.009
227	1251000147	125100.0078
228	1251000089	125100.0237
229	1251000139	125100.0032
230	1251000073	125100.0058
231	626000045	62600.0228
232	626000144	62600.0011
233	626000096	62600.0044
234	626000190	62600.0205
235	626000056	62600.0164
236	626000011	62600.0256
237	626000069	62600.0293
238	626000065	62600.0182
239	626000054	62600.0248
240	626000288	62600.0122
241	626000277	62600.0268
242	626000163	62600.0194
243	626000002	62600.0297
244	626000296	62600.0194
245	626000190	62600.0134
246	626000154	62600.002
247	626000277	62600.0251
248	626000109	62600.0051
249	626000147	62600.0211
250	626000006	62600.0255
251	626000143	62600.0142
252	626000031	62600.0113
253	626000180	62600.0092
254	626000087	62600.0011
255	626000022	62600.0221
256	626000078	62600.0281
257	626000016	62600.0154
258	626000010	62600.0203
259	626000296	62600.0152
260	626000201	62600.0149
261	626000075	62600.0152
262	626000215	62600.0156
263	626000056	62600.01
264	626000173	62600.0244
265	626000012	62600.0157
266	626000291	62600.015
267	626000258	62600.0188
268	626000242	62600.001
269	626000175	62600.0182
270	626000282	62600.0228
271	626000285	62600.0271
272	626000224	62600.0131
273	626000163	62600.0246
274	626000095	62600.0184
275	626000190	62600.003
276	626000132	62600.0054
277	626000109	62600.0228
278	626000098	62600.0252
279	626000191	62600.024
280	626000298	62600.0102
281	626000058	62600.0112
282	626000274	62600.0255
283	626000042	62600.0258
284	626000073	62600.0282
285	626000181	62600.022
286	626000028	62600.0274
287	626000222	62600.0034
288	626000035	62600.0232
289	626000169	62600.0224
290	626000256	62600.0138
291	626000020	62600.0236
292	626000143	62600.0221
293	626000149	62600.0081
294	626000201	62600.02
295	626000211	62600.0049
296	626000087	62600.015
297	626000270	62600.0237
298	626000178	62600.0212
299	626000192	62600.0255
300	626000046	62600.023
301	626000266	62600.0256
302	626000154	62600.0287
303	626000176	62600.0158
304	626000035	62600.0208
305	626000099	62600.0161
306	626000047	62600.0255
307	626000068	62600.0136
308	313500096	31350.024
309	313500007	31350.012
310	313500035	31350.022
311	313500151	31350.0222
312	313500071	31350.0061
313	313500289	31350.0289
314	313500002	31350.0256
315	313500281	31350.0111
316	313500036	31350.0224
317	313500237	31350.0006
318	313500216	31350.0096
319	313500294	31350.0247
320	313500292	31350.0132
321	313500267	31350.0097
322	313500064	31350.0122
323	313500276	31350.0252
324	313500113	31350.0033
325	313500275	31350.0115
326	313500102	31350.0176
327	313500225	31350.0196
328	313500004	31350.0083
329	313500002	31350.0125
330	313500057	31350.0265
331	313500038	31350.0297
332	313500105	31350.0062
333	313500007	31350.017
334	313500202	31350.0069
335	313500156	31350.011
336	313500258	31350.0085
337	313500236	31350.0013
338	313500234	31350.0159
339	313500239	31350.0239
340	313500112	31350.0227
341	313500231	31350.0068
342	313500042	31350.0116
343	313500202	31350.006
344	313500120	31350.0283
345	313500191	31350.022
346	313500282	31350.0162
347	313500168	31350.0276
348	313500040	31350.0212
349	313500295	31350.0191
350	313500282	31350.0124
351	313500079	31350.0063
352	313500142	31350.024
353	313500180	31350.0052
354	313500244	31350.0001
355	313500272	31350.0254
356	313500131	31350.0003
357	313500291	31350.0037
358	313500114	31350.0113
359	313500088	31350.0046
360	313500149	31350.0267
361	313500256	31350.0189
362	313500205	31350.0035
363	313500259	31350.0238
364	313500179	31350.0167
365	313500066	31350.0166
366	313500254	31350.0148
367	313500290	31350.0114
368	313500138	31350.021
369	313500075	31350.0052
370	313500131	31350.0083
371	313500269	31350.0284
372	313500297	31350.0039
373	313500208	31350.0046
374	313500136	31350.007
375	313500126	31350.0178
376	313500164	31350.0038
377	313500204	31350.0192
378	313500210	31350.0071
379	313500046	31350.024
380	313500200	31350.0176
381	313500051	31350.0069
382	313500166	31350.0023
383	313500195	31350.0231
384	313500120	31350.0219
385	157250115	15725.0034
386	157250019	15725.0219
387	157250235	15725.0153
388	157250233	15725.0094
389	157250138	15725.0047
390	157250028	15725.0242
391	157250194	15725.0238
392	157250118	15725.0209
393	157250237	15725.03
394	157250270	15725.0052
395	157250072	15725.0068
396	157250043	15725.004
397	157250108	15725.0216
398	157250155	15725.0263
399	157250273	15725.0187
400	157250287	15725.014
401	157250225	15725.0218
402	157250143	15725.0222
403	157250228	15725.0101
404	157250009	15725.018
405	157250035	15725.0215
406	157250233	15725.0162
407	157250248	15725.0209
408	157250205	15725.0008
409	157250244	15725.0285
410	157250186	15725.0152
411	157250012	15725.003
412	157250008	15725.0283
413	157250132	15725.0034
414	157250259	15725.0097
415	157250032	15725.0152
416	157250185	15725.0276
417	157250155	15725.021
418	157250077	15725.018
419	157250088	15725.0161
420	157250005	15725.0101
421	157250165	15725.0133
422	157250266	15725.0157
423	157250075	15725.0187
424	157250207	15725.0233
425	157250014	15725.0145
426	157250056	15725.0089
427	157250197	15725.0068
428	157250027	15725.0285
429	157250154	15725.0001
430	157250067	15725.0257
431	157250161	15725.0023
432	157250206	15725.0223
433	157250213	15725.0259
434	157250267	15725.0042
435	157250173	15725.0176
436	157250032	15725.0107
437	157250282	15725.0173
438	157250240	15725.0036
439	157250066	15725.0215
440	157250298	15725.0159
441	157250080	15725.0077
442	157250194	15725.0116
443	157250236	15725.0082
444	157250235	15725.0095
445	157250193	15725.0031
446	157250046	15725.0247
447	157250054	15725.0088
448	157250286	15725.0077
449	157250227	15725.0037
450	157250063	15725.0141
451	157250222	15725.0107
452	157250151	15725.0089
453	157250063	15725.0176
454	157250112	15725.0104
455	157250034	15725.0081
456	157250205	15725.0032
457	157250057	15725.0124
458	157250127	15725.0237
459	157250124	15725.0162
460	157250015	15725.0127
461	157250078	15725.0222
462	79125205	7912.5243
463	79125136	7912.5186
464	79125232	7912.5178
465	79125144	7912.5271
466	79125297	7912.5291
467	79125105	7912.5075
468	79125135	7912.5218
469	79125191	7912.5244
470	79125052	7912.5263
471	79125141	7912.5223
472	79125222	7912.5206
473	79125176	7912.5017
474	79125129	7912.5083
475	79125282	7912.5056
476	79125098	7912.5057
477	79125262	7912.5088
478	79125218	7912.5031
479	79125057	7912.5284
480	79125016	7912.5061
481	79125271	7912.5137
482	79125100	7912.52
483	79125100	7912.5025
484	79125265	7912.5098
485	79125280	7912.5217
486	79125205	7912.5224
487	79125150	7912.513
488	79125124	7912.5248
489	79125138	7912.5046
490	79125289	7912.5247
491	79125216	7912.5188
492	79125126	7912.5239
493	79125127	7912.5024
494	79125051	7912.5188
495	79125223	7912.5283
496	79125124	7912.5225
497	79125287	7912.5066
498	79125137	7912.513
499	79125159	7912.5086
500	79125113	7912.5164
501	79125141	7912.5047
502	79125021	7912.5063
503	79125257	7912.5294
504	79125081	7912.5033
505	79125088	7912.5217
506	79125232	7912.5118
507	79125298	7912.502
508	79125135	7912.5075
509	79125072	7912.5193
510	79125027	7912.5235
511	79125192	7912.5286
512	79125053	7912.5076
513	79125238	7912.5231
514	79125227	7912.5077
515	79125156	7912.5076
516	79125042	7912.5143
517	79125280	7912.5176
518	79125245	7912.5192
519	79125161	7912.5215
520	79125141	7912.5116
521	79125169	7912.5178
522	79125206	7912.5171
523	79125242	7912.5014
524	79125182	7912.5231
525	79125275	7912.5039
526	79125254	7912.5103
527	79125207	7912.5137
528	79125297	7912.5219
529	79125043	7912.5015
530	79125165	7912.5184
531	79125278	7912.5279
532	79125162	7912.5219
533	79125078	7912.5148
534	79125041	7912.5037
535	79125276	7912.5021
536	79125140	7912.5054
537	79125053	7912.5114
538	79125034	7912.5104
539	40062648	4006.2531
540	40062693	4006.2622
541	40062660	4006.256
542	40062643	4006.2604
543	40062577	4006.2702
544	40062746	4006.2701
545	40062623	4006.2727
546	40062777	4006.2606
547	40062554	4006.2584
548	40062643	4006.2585
549	40062745	4006.2654
550	40062713	4006.2658
551	40062757	4006.2506
552	40062725	4006.2745
553	40062657	4006.2664
554	40062569	4006.2674
555	40062522	4006.2569
556	40062629	4006.2559
557	40062656	4006.2696
558	40062579	4006.2523
559	40062517	4006.2507
560	40062715	4006.2662
561	40062561	4006.2567
562	40062686	4006.2633
563	40062680	4006.2636
564	40062645	4006.2731
565	40062676	4006.2506
566	40062766	4006.2525
567	40062536	4006.2799
568	40062576	4006.2545
569	40062622	4006.2594
570	40062604	4006.2775
571	40062790	4006.2513
572	40062545	4006.2738
573	40062714	4006.2582
574	40062631	4006.2792
575	40062681	4006.2787
576	40062703	4006.2702
577	40062637	4006.255
578	40062729	4006.2715
579	40062749	4006.2719
580	40062759	4006.2661
581	40062592	4006.2676
582	40062648	4006.2733
583	40062666	4006.2594
584	40062603	4006.261
585	40062730	4006.2539
586	40062711	4006.2639
587	40062759	4006.2733
588	40062667	4006.2756
589	40062695	4006.2614
590	40062725	4006.2697
591	40062526	4006.2728
592	40062654	4006.2561
593	40062741	4006.264
594	40062641	4006.2774
595	40062547	4006.2523
596	40062732	4006.2708
597	40062579	4006.2592
598	40062767	4006.2773
599	40062775	4006.2614
600	40062508	4006.2705
601	40062746	4006.2687
602	40062747	4006.2709
603	40062642	4006.2642
604	40062789	4006.2637
605	40062684	4006.2762
606	40062758	4006.2557
607	40062776	4006.2567
608	40062530	4006.2792
609	40062685	4006.2507
610	40062654	4006.2565
611	40062694	4006.2701
612	40062510	4006.2554
613	40062572	4006.2766
614	40062560	4006.2784
615	40062628	4006.257
616	20531480	2053.1365
617	20531397	2053.1542
618	20531476	2053.1348
619	20531431	2053.1306
620	20531540	2053.1497
621	20531367	2053.1273
622	20531315	2053.1359
623	20531291	2053.1548
624	20531313	2053.1265
625	20531410	2053.1475
626	20531452	2053.1265
627	20531503	2053.1369
628	20531466	2053.1296
629	20531519	2053.1308
630	20531426	2053.1374
631	20531440	2053.1521
632	20531257	2053.1455
633	20531277	2053.1319
634	20531458	2053.1481
635	20531298	2053.1383
636	20531259	2053.146
637	20531436	2053.1363
638	20531316	2053.135
639	20531391	2053.1484
640	20531342	2053.1376
641	20531313	2053.1279
642	20531454	2053.1271
643	20531324	2053.1466
644	20531325	2053.1348
645	20531484	2053.1476
646	20531480	2053.1441
647	20531286	2053.1429
648	20531285	2053.1385
649	20531273	2053.1444
650	20531380	2053.1393
651	20531547	2053.1336
652	20531481	2053.1504
653	20531424	2053.1546
654	20531444	2053.1478
655	20531296	2053.1548
656	20531333	2053.1405
657	20531476	2053.1263
658	20531532	2053.1484
659	20531414	2053.1326
660	20531393	2053.1476
661	20531437	2053.1252
662	20531472	2053.1505
663	20531525	2053.1279
664	20531425	2053.1474
665	20531500	2053.1373
666	20531296	2053.1474
667	20531414	2053.1313
668	20531298	2053.1416
669	20531302	2053.1257
670	20531402	2053.1513
671	20531429	2053.1319
672	20531382	2053.1325
673	20531528	2053.1331
674	20531321	2053.1437
675	20531394	2053.129
676	20531468	2053.1349
677	20531438	2053.1388
678	20531277	2053.1541
679	20531427	2053.1446
680	20531470	2053.1432
681	20531490	2053.1534
682	20531414	2053.1463
683	20531445	2053.1362
684	20531410	2053.1291
685	20531424	2053.1419
686	20531270	2053.1537
687	20531304	2053.1462
688	20531394	2053.1399
689	20531529	2053.1476
690	20531419	2053.1391
691	20531283	2053.1519
692	20531402	2053.1402
693	73	0.0257
694	159	0.0143
695	26	0.0299
696	11	0.021
697	104	0.0054
698	66	0.0247
699	121	0.0282
700	68	0.0087
701	256	0.0231
702	153	0.0159
703	83	0.0216
704	21	0.0124
705	248	0.019
706	292	0.0077
707	93	0.0299
708	236	0.0197
709	67	0.0287
710	27	0.0002
711	53	0.027
712	19	0.0029
713	3	0.0133
714	80	0.001
715	60	0.0183
716	164	0.0073
717	104	0.0039
718	156	0.0281
719	70	0.0186
720	1	0.0085
721	282	0.0164
722	36	0.0023
723	78	0.0011
724	246	0.018
725	262	0.0256
726	277	0.0248
727	123	0.0188
728	299	0.0283
729	127	0.0104
730	217	0.0115
731	126	0.0181
732	123	0.027
733	56	0.0258
734	42	0.0172
735	217	0.0069
736	152	0.009
737	94	0.0111
738	142	0.0231
739	126	0.0045
740	67	0.0176
741	273	0.0217
742	191	0.0285
743	282	0.0072
744	21	0.0296
745	105	0.0284
746	51	0.0067
747	73	0.0233
748	259	0.0147
749	98	0.0143
750	280	0.0173
751	4	0.0114
752	201	0.0129
753	57	0.0222
754	274	0.0099
755	270	0.0178
756	69	0.0163
757	3	0.0188
758	64	0.0083
759	47	0.0037
760	90	0.0002
761	194	0.001
762	18	0.0242
763	46	0.0002
764	122	0.0003
765	197	0.0018
766	177	0.0033
767	28	0.0066
768	4	0.0135
769	209	0.029
770	111	0.0232
771	127	0.0123
772	142	0.0103
773	215	0.0037
774	74	0.019
775	199	0.0292
776	131	0.0107
777	67	0.0043
778	186	0.0125
779	278	0.0212
780	102	0.003
781	274	0.02
782	198	0.024
783	85	0.0182
784	111	0.0068
785	148	0.0116
786	267	0.0018
787	172	0.0115
788	234	0.0078
789	5	0.0091
790	289	0.0025
791	114	0.027
792	93	0.0229
793	27	0.0077
794	57	0.0259
795	150	0.0073
796	53	0.0026
797	209	0.0218
798	229	0.0122
799	76	0.027
800	185	0.0099
801	118	0.0092
802	250	0.0122
803	13	0.0225
804	48	0.02
805	50	0.0011
806	242	0.0235
807	300	0.0276
808	82	0.0241
809	56	0.0272
810	98	0.017
811	269	0.001
812	225	0.0166
813	198	0.0285
814	246	0.0042
815	198	0.0003
816	211	0.0135
817	44	0.0053
818	236	0.0094
819	191	0.0242
820	45	0.0172
821	283	0.0179
822	109	0.0097
823	151	0.0259
824	272	0.0267
825	2	0.0133
826	290	0.0173
827	175	0.0242
828	33	0.0029
829	167	0.0036
830	281	0.0185
831	299	0.0116
832	298	0.0182
833	83	0.0054
834	287	0.03
835	150	0.0233
836	171	0.0075
837	57	0.0094
838	7	0.0275
839	101	0.0034
840	16	0.0273
841	272	0.0031
842	144	0.0075
843	167	0.0129
844	261	0.004
845	258	0.0299
846	212	0.0167
847	261	0.0014
848	7	0.0154
849	146	0.0106
850	77	0.0152
851	129	0.0297
852	148	0.0221
853	72	0.0073
854	92	0.0082
855	250	0.005
856	299	0.0226
857	29	0.0143
858	56	0.0246
859	165	0.0268
860	37	0.0144
861	27	0.0036
862	66	0.0045
863	35	0.03
864	3	0.0251
865	262	0.008
866	85	0.0257
867	226	0.0266
868	90	0.0244
869	23	0.0052
870	256	0.0069
871	189	0.0032
872	46	0.0102
873	268	0.0242
874	282	0.0275
875	206	0.0125
876	160	0.0134
877	83	0.0067
878	34	0.0195
879	265	0.0059
880	242	0.0013
881	98	0.0033
882	269	0.0042
883	269	0.0272
884	222	0.024
885	240	0.022
886	248	0.0246
887	78	0.0004
888	28	0.0045
889	113	0.0152
890	184	0.0196
891	269	0.013
892	36	0.0252
893	238	0.0285
894	231	0.0266
895	122	0.0209
896	97	0.0299
897	166	0.002
898	94	0.0291
899	272	0.01
900	246	0.0135
901	201	0.0048
902	225	0.0261
903	199	0.0198
904	150	0.0232
905	284	0.01
906	248	0.002
907	85	0.0299
908	58	0.0249
909	203	0.01
910	165	0.0047
911	33	0.0142
912	288	0.0106
913	270	0.0239
914	161	0.0009
915	259	0.0235
916	83	0.0006
917	194	0.0162
918	178	0.0091
919	40	0.016
920	64	0.0039
921	237	0.0027
922	162	0.019
923	99	0.0237
924	262	0.0063
925	232	0.013
926	285	0.0229
927	173	0.0102
928	122	0.0036
929	63	0.008
930	252	0.0246
931	234	0.0001
932	183	0.0192
933	62	0.007
934	108	0.018
935	58	0.0132
936	118	0.0246
937	116	0.0156
938	97	0.0046
939	216	0.0087
940	218	0.0195
941	24	0.0296
942	107	0.014
943	183	0.022
944	129	0.011
945	149	0.0236
946	147	0.005
947	182	0.0128
948	27	0.0131
949	168	0.0063
950	200	0.0267
951	286	0.0284
952	1	0.0246
953	66	0.0016
954	176	0.0189
955	37	0.0042
956	15	0.0169
957	186	0.0286
958	197	0.0039
959	277	0.0232
960	255	0.002
961	192	0.0098
962	193	0.0129
963	233	0.0245
964	82	0.0141
965	232	0.0273
966	148	0.0092
967	147	0.0049
968	218	0.0144
969	222	0.0269
970	96	0.0263
971	91	0.0047
972	215	0.0272
973	84	0.0226
974	225	0.0011
975	197	0.016
976	238	0.0177
977	87	0.0013
978	179	0.0234
979	217	0.0247
980	74	0.0249
981	75	0.0006
982	268	0.0264
983	40	0.0082
984	71	0.0205
985	186	0.0169
986	47	0.0125
987	16	0.0229
988	128	0.0003
989	65	0.0297
990	221	0.0259
991	250	0.0166
992	158	0.0272
993	112	0.0052
994	259	0.0292
995	196	0.0251
996	139	0.0163
997	3	0.0113
998	92	0.0272
999	216	0.0115
10000000000