5001000077.0 500100.0287 
5001000046.0 500100.0066 
5001000232.0 500100.0264 
5001000089.0 500100.0147 
5001000299.0 500100.0211 
5001000279.0 500100.0001 
5001000059.0 500100.0165 
5001000030.0 500100.0046 
5001000300.0 500100.0042 
5001000033.0 500100.0135 
5001000036.0 500100.0008 
5001000049.0 500100.0132 
5001000173.0 500100.0091 
5001000281.0 500100.0017 
5001000170.0 500100.0012 
5001000157.0 500100.014 
5001000290.0 500100.019 
5001000080.0 500100.0291 
5001000114.0 500100.0202 
5001000300.0 500100.011 
5001000224.0 500100.0021 
5001000299.0 500100.0258 
5001000284.0 500100.0279 
5001000204.0 500100.0251 
5001000153.0 500100.0011 
5001000284.0 500100.0028 
5001000003.0 500100.0038 
5001000156.0 500100.0248 
5001000137.0 500100.0089 
5001000262.0 500100.0132 
5001000228.0 500100.0032 
5001000082.0 500100.0064 
5001000087.0 500100.0207 
5001000036.0 500100.0093 
5001000007.0 500100.0202 
5001000232.0 500100.0215 
5001000128.0 500100.0053 
5001000039.0 500100.02 
5001000227.0 500100.0184 
5001000007.0 500100.0233 
5001000111.0 500100.0277 
5001000033.0 500100.0059 
5001000016.0 500100.0081 
5001000276.0 500100.0247 
5001000242.0 500100.0068 
5001000104.0 500100.0137 
5001000216.0 500100.0293 
5001000155.0 500100.0078 
5001000247.0 500100.0084 
5001000260.0 500100.0216 
5001000006.0 500100.0253 
5001000289.0 500100.0039 
5001000164.0 500100.0159 
5001000053.0 500100.0242 
5001000243.0 500100.0056 
5001000005.0 500100.0227 
5001000211.0 500100.0297 
5001000231.0 500100.0111 
5001000093.0 500100.015 
5001000243.0 500100.0165 
5001000013.0 500100.0237 
5001000166.0 500100.0004 
5001000065.0 500100.0184 
5001000153.0 500100.0133 
5001000068.0 500100.0025 
5001000197.0 500100.0097 
5001000127.0 500100.019 
5001000030.0 500100.0109 
5001000292.0 500100.027 
5001000089.0 500100.0231 
5001000289.0 500100.0026 
5001000131.0 500100.0152 
5001000297.0 500100.0085 
5001000092.0 500100.0058 
5001000177.0 500100.0126 
5001000092.0 500100.0056 
5001000290.0 500100.0085 
2501000278.0 250100.0105 
2501000166.0 250100.0038 
2501000037.0 250100.0287 
2501000262.0 250100.0157 
2501000097.0 250100.0261 
2501000112.0 250100.0191 
2501000168.0 250100.0019 
2501000246.0 250100.0206 
2501000036.0 250100.0183 
2501000071.0 250100.0137 
2501000234.0 250100.0078 
2501000073.0 250100.0183 
2501000138.0 250100.0269 
2501000216.0 250100.0036 
2501000282.0 250100.0175 
2501000062.0 250100.0297 
2501000153.0 250100.0187 
2501000042.0 250100.0027 
2501000085.0 250100.0242 
2501000191.0 250100.0015 
2501000272.0 250100.0148 
2501000121.0 250100.016 
2501000131.0 250100.0245 
2501000109.0 250100.0253 
2501000148.0 250100.0267 
2501000219.0 250100.0091 
2501000085.0 250100.024 
2501000222.0 250100.0027 
2501000232.0 250100.0239 
2501000295.0 250100.0079 
2501000143.0 250100.0178 
2501000020.0 250100.0152 
2501000007.0 250100.0218 
2501000293.0 250100.0044 
2501000232.0 250100.0267 
2501000089.0 250100.0053 
2501000191.0 250100.0281 
2501000043.0 250100.0033 
2501000230.0 250100.0184 
2501000104.0 250100.0283 
2501000276.0 250100.0242 
2501000090.0 250100.009 
2501000168.0 250100.0199 
2501000082.0 250100.0204 
2501000118.0 250100.0262 
2501000261.0 250100.0136 
2501000019.0 250100.0028 
2501000103.0 250100.0234 
2501000188.0 250100.0241 
2501000048.0 250100.0214 
2501000040.0 250100.0003 
2501000015.0 250100.0269 
2501000116.0 250100.0269 
2501000087.0 250100.0284 
2501000251.0 250100.0036 
2501000111.0 250100.0125 
2501000147.0 250100.0133 
2501000257.0 250100.0103 
2501000097.0 250100.0107 
2501000118.0 250100.0142 
2501000200.0 250100.0231 
2501000203.0 250100.0013 
2501000021.0 250100.0127 
2501000182.0 250100.0294 
2501000161.0 250100.0206 
2501000073.0 250100.0075 
2501000132.0 250100.026 
2501000004.0 250100.0274 
2501000026.0 250100.0029 
2501000032.0 250100.0189 
2501000103.0 250100.026 
2501000224.0 250100.0267 
2501000282.0 250100.0207 
2501000015.0 250100.0173 
2501000278.0 250100.009 
2501000254.0 250100.0006 
2501000116.0 250100.0013 
1251000080.0 125100.0127 
1251000114.0 125100.0297 
1251000143.0 125100.0069 
1251000041.0 125100.0261 
1251000032.0 125100.0114 
1251000025.0 125100.0181 
1251000106.0 125100.0045 
1251000161.0 125100.0221 
1251000047.0 125100.0047 
1251000023.0 125100.007 
1251000158.0 125100.0026 
1251000015.0 125100.0067 
1251000283.0 125100.0288 
1251000247.0 125100.0112 
1251000103.0 125100.0086 
1251000029.0 125100.0148 
1251000181.0 125100.0262 
1251000002.0 125100.005 
1251000225.0 125100.0299 
1251000271.0 125100.0158 
1251000281.0 125100.0018 
1251000220.0 125100.0089 
1251000109.0 125100.0019 
1251000199.0 125100.0271 
1251000282.0 125100.0131 
1251000294.0 125100.0289 
1251000229.0 125100.0182 
1251000046.0 125100.0285 
1251000111.0 125100.007 
1251000027.0 125100.0298 
1251000106.0 125100.0246 
1251000078.0 125100.0123 
1251000290.0 125100.0093 
1251000026.0 125100.0207 
1251000001.0 125100.0197 
1251000289.0 125100.0065 
1251000082.0 125100.0012 
1251000176.0 125100.0174 
1251000230.0 125100.0152 
1251000214.0 125100.0061 
1251000186.0 125100.0136 
1251000142.0 125100.0059 
1251000072.0 125100.0111 
1251000206.0 125100.0116 
1251000210.0 125100.0125 
1251000035.0 125100.0049 
1251000103.0 125100.0253 
1251000169.0 125100.0195 
1251000175.0 125100.017 
1251000070.0 125100.0175 
1251000197.0 125100.0233 
1251000240.0 125100.0054 
1251000061.0 125100.0087 
1251000126.0 125100.0152 
1251000224.0 125100.0146 
1251000177.0 125100.0067 
1251000283.0 125100.0115 
1251000289.0 125100.0084 
1251000047.0 125100.0004 
1251000160.0 125100.025 
1251000101.0 125100.0041 
1251000089.0 125100.0144 
1251000237.0 125100.0051 
1251000275.0 125100.0282 
1251000204.0 125100.0221 
1251000237.0 125100.0013 
1251000170.0 125100.018 
1251000129.0 125100.0218 
1251000020.0 125100.024 
1251000151.0 125100.0039 
1251000109.0 125100.0267 
1251000052.0 125100.0101 
1251000072.0 125100.009 
1251000147.0 125100.0078 
1251000089.0 125100.0237 
1251000139.0 125100.0032 
1251000073.0 125100.0058 
626000045.0 62600.0228 
626000144.0 62600.0011 
626000096.0 62600.0044 
626000190.0 62600.0205 
626000056.0 62600.0164 
626000011.0 62600.0256 
626000069.0 62600.0293 
626000065.0 62600.0182 
626000054.0 62600.0248 
626000288.0 62600.0122 
626000277.0 62600.0268 
626000163.0 62600.0194 
626000002.0 62600.0297 
626000296.0 62600.0194 
626000190.0 62600.0134 
626000154.0 62600.002 
626000277.0 62600.0251 
626000109.0 62600.0051 
626000147.0 62600.0211 
626000006.0 62600.0255 
626000143.0 62600.0142 
626000031.0 62600.0113 
626000180.0 62600.0092 
626000087.0 62600.0011 
626000022.0 62600.0221 
626000078.0 62600.0281 
626000016.0 62600.0154 
626000010.0 62600.0203 
626000296.0 62600.0152 
626000201.0 62600.0149 
626000075.0 62600.0152 
626000215.0 62600.0156 
626000056.0 62600.01 
626000173.0 62600.0244 
626000012.0 62600.0157 
626000291.0 62600.015 
626000258.0 62600.0188 
626000242.0 62600.001 
626000175.0 62600.0182 
626000282.0 62600.0228 
626000285.0 62600.0271 
626000224.0 62600.0131 
626000163.0 62600.0246 
626000095.0 62600.0184 
626000190.0 62600.003 
626000132.0 62600.0054 
626000109.0 62600.0228 
626000098.0 62600.0252 
626000191.0 62600.024 
626000298.0 62600.0102 
626000058.0 62600.0112 
626000274.0 62600.0255 
626000042.0 62600.0258 
626000073.0 62600.0282 
626000181.0 62600.022 
626000028.0 62600.0274 
626000222.0 62600.0034 
626000035.0 62600.0232 
626000169.0 62600.0224 
626000256.0 62600.0138 
626000020.0 62600.0236 
626000143.0 62600.0221 
626000149.0 62600.0081 
626000201.0 62600.02 
626000211.0 62600.0049 
626000087.0 62600.015 
626000270.0 62600.0237 
626000178.0 62600.0212 
626000192.0 62600.0255 
626000046.0 62600.023 
626000266.0 62600.0256 
626000154.0 62600.0287 
626000176.0 62600.0158 
626000035.0 62600.0208 
626000099.0 62600.0161 
626000047.0 62600.0255 
626000068.0 62600.0136 
313500096.0 31350.024 
313500007.0 31350.012 
313500035.0 31350.022 
313500151.0 31350.0222 
313500071.0 31350.0061 
313500289.0 31350.0289 
313500002.0 31350.0256 
313500281.0 31350.0111 
313500036.0 31350.0224 
313500237.0 31350.0006 
313500216.0 31350.0096 
313500294.0 31350.0247 
313500292.0 31350.0132 
313500267.0 31350.0097 
313500064.0 31350.0122 
313500276.0 31350.0252 
313500113.0 31350.0033 
313500275.0 31350.0115 
313500102.0 31350.0176 
313500225.0 31350.0196 
313500004.0 31350.0083 
313500002.0 31350.0125 
313500057.0 31350.0265 
313500038.0 31350.0297 
313500105.0 31350.0062 
313500007.0 31350.017 
313500202.0 31350.0069 
313500156.0 31350.011 
313500258.0 31350.0085 
313500236.0 31350.0013 
313500234.0 31350.0159 
313500239.0 31350.0239 
313500112.0 31350.0227 
313500231.0 31350.0068 
313500042.0 31350.0116 
313500202.0 31350.006 
313500120.0 31350.0283 
313500191.0 31350.022 
313500282.0 31350.0162 
313500168.0 31350.0276 
313500040.0 31350.0212 
313500295.0 31350.0191 
313500282.0 31350.0124 
313500079.0 31350.0063 
313500142.0 31350.024 
313500180.0 31350.0052 
313500244.0 31350.0001 
313500272.0 31350.0254 
313500131.0 31350.0003 
313500291.0 31350.0037 
313500114.0 31350.0113 
313500088.0 31350.0046 
313500149.0 31350.0267 
313500256.0 31350.0189 
313500205.0 31350.0035 
313500259.0 31350.0238 
313500179.0 31350.0167 
313500066.0 31350.0166 
313500254.0 31350.0148 
313500290.0 31350.0114 
313500138.0 31350.021 
313500075.0 31350.0052 
313500131.0 31350.0083 
313500269.0 31350.0284 
313500297.0 31350.0039 
313500208.0 31350.0046 
313500136.0 31350.007 
313500126.0 31350.0178 
313500164.0 31350.0038 
313500204.0 31350.0192 
313500210.0 31350.0071 
313500046.0 31350.024 
313500200.0 31350.0176 
313500051.0 31350.0069 
313500166.0 31350.0023 
313500195.0 31350.0231 
313500120.0 31350.0219 
157250115.0 15725.0034 
157250019.0 15725.0219 
157250235.0 15725.0153 
157250233.0 15725.0094 
157250138.0 15725.0047 
157250028.0 15725.0242 
157250194.0 15725.0238 
157250118.0 15725.0209 
157250237.0 15725.03 
157250270.0 15725.0052 
157250072.0 15725.0068 
157250043.0 15725.004 
157250108.0 15725.0216 
157250155.0 15725.0263 
157250273.0 15725.0187 
157250287.0 15725.014 
157250225.0 15725.0218 
157250143.0 15725.0222 
157250228.0 15725.0101 
157250009.0 15725.018 
157250035.0 15725.0215 
157250233.0 15725.0162 
157250248.0 15725.0209 
157250205.0 15725.0008 
157250244.0 15725.0285 
157250186.0 15725.0152 
157250012.0 15725.003 
157250008.0 15725.0283 
157250132.0 15725.0034 
157250259.0 15725.0097 
157250032.0 15725.0152 
157250185.0 15725.0276 
157250155.0 15725.021 
157250077.0 15725.018 
157250088.0 15725.0161 
157250005.0 15725.0101 
157250165.0 15725.0133 
157250266.0 15725.0157 
157250075.0 15725.0187 
157250207.0 15725.0233 
157250014.0 15725.0145 
157250056.0 15725.0089 
157250197.0 15725.0068 
157250027.0 15725.0285 
157250154.0 15725.0001 
157250067.0 15725.0257 
157250161.0 15725.0023 
157250206.0 15725.0223 
157250213.0 15725.0259 
157250267.0 15725.0042 
157250173.0 15725.0176 
157250032.0 15725.0107 
157250282.0 15725.0173 
157250240.0 15725.0036 
157250066.0 15725.0215 
157250298.0 15725.0159 
157250080.0 15725.0077 
157250194.0 15725.0116 
157250236.0 15725.0082 
157250235.0 15725.0095 
157250193.0 15725.0031 
157250046.0 15725.0247 
157250054.0 15725.0088 
157250286.0 15725.0077 
157250227.0 15725.0037 
157250063.0 15725.0141 
157250222.0 15725.0107 
157250151.0 15725.0089 
157250063.0 15725.0176 
157250112.0 15725.0104 
157250034.0 15725.0081 
157250205.0 15725.0032 
157250057.0 15725.0124 
157250127.0 15725.0237 
157250124.0 15725.0162 
157250015.0 15725.0127 
157250078.0 15725.0222 
79125205.0 7912.5243 
79125136.0 7912.5186 
79125232.0 7912.5178 
79125144.0 7912.5271 
79125297.0 7912.5291 
79125105.0 7912.5075 
79125135.0 7912.5218 
79125191.0 7912.5244 
79125052.0 7912.5263 
79125141.0 7912.5223 
79125222.0 7912.5206 
79125176.0 7912.5017 
79125129.0 7912.5083 
79125282.0 7912.5056 
79125098.0 7912.5057 
79125262.0 7912.5088 
79125218.0 7912.5031 
79125057.0 7912.5284 
79125016.0 7912.5061 
79125271.0 7912.5137 
79125100.0 7912.52 
79125100.0 7912.5025 
79125265.0 7912.5098 
79125280.0 7912.5217 
79125205.0 7912.5224 
79125150.0 7912.513 
79125124.0 7912.5248 
79125138.0 7912.5046 
79125289.0 7912.5247 
79125216.0 7912.5188 
79125126.0 7912.5239 
79125127.0 7912.5024 
79125051.0 7912.5188 
79125223.0 7912.5283 
79125124.0 7912.5225 
79125287.0 7912.5066 
79125137.0 7912.513 
79125159.0 7912.5086 
79125113.0 7912.5164 
79125141.0 7912.5047 
79125021.0 7912.5063 
79125257.0 7912.5294 
79125081.0 7912.5033 
79125088.0 7912.5217 
79125232.0 7912.5118 
79125298.0 7912.502 
79125135.0 7912.5075 
79125072.0 7912.5193 
79125027.0 7912.5235 
79125192.0 7912.5286 
79125053.0 7912.5076 
79125238.0 7912.5231 
79125227.0 7912.5077 
79125156.0 7912.5076 
79125042.0 7912.5143 
79125280.0 7912.5176 
79125245.0 7912.5192 
79125161.0 7912.5215 
79125141.0 7912.5116 
79125169.0 7912.5178 
79125206.0 7912.5171 
79125242.0 7912.5014 
79125182.0 7912.5231 
79125275.0 7912.5039 
79125254.0 7912.5103 
79125207.0 7912.5137 
79125297.0 7912.5219 
79125043.0 7912.5015 
79125165.0 7912.5184 
79125278.0 7912.5279 
79125162.0 7912.5219 
79125078.0 7912.5148 
79125041.0 7912.5037 
79125276.0 7912.5021 
79125140.0 7912.5054 
79125053.0 7912.5114 
79125034.0 7912.5104 
40062648.0 4006.2531 
40062693.0 4006.2622 
40062660.0 4006.256 
40062643.0 4006.2604 
40062577.0 4006.2702 
40062746.0 4006.2701 
40062623.0 4006.2727 
40062777.0 4006.2606 
40062554.0 4006.2584 
40062643.0 4006.2585 
40062745.0 4006.2654 
40062713.0 4006.2658 
40062757.0 4006.2506 
40062725.0 4006.2745 
40062657.0 4006.2664 
40062569.0 4006.2674 
40062522.0 4006.2569 
40062629.0 4006.2559 
40062656.0 4006.2696 
40062579.0 4006.2523 
40062517.0 4006.2507 
40062715.0 4006.2662 
40062561.0 4006.2567 
40062686.0 4006.2633 
40062680.0 4006.2636 
40062645.0 4006.2731 
40062676.0 4006.2506 
40062766.0 4006.2525 
40062536.0 4006.2799 
40062576.0 4006.2545 
40062622.0 4006.2594 
40062604.0 4006.2775 
40062790.0 4006.2513 
40062545.0 4006.2738 
40062714.0 4006.2582 
40062631.0 4006.2792 
40062681.0 4006.2787 
40062703.0 4006.2702 
40062637.0 4006.255 
40062729.0 4006.2715 
40062749.0 4006.2719 
40062759.0 4006.2661 
40062592.0 4006.2676 
40062648.0 4006.2733 
40062666.0 4006.2594 
40062603.0 4006.261 
40062730.0 4006.2539 
40062711.0 4006.2639 
40062759.0 4006.2733 
40062667.0 4006.2756 
40062695.0 4006.2614 
40062725.0 4006.2697 
40062526.0 4006.2728 
40062654.0 4006.2561 
40062741.0 4006.264 
40062641.0 4006.2774 
40062547.0 4006.2523 
40062732.0 4006.2708 
40062579.0 4006.2592 
40062767.0 4006.2773 
40062775.0 4006.2614 
40062508.0 4006.2705 
40062746.0 4006.2687 
40062747.0 4006.2709 
40062642.0 4006.2642 
40062789.0 4006.2637 
40062684.0 4006.2762 
40062758.0 4006.2557 
40062776.0 4006.2567 
40062530.0 4006.2792 
40062685.0 4006.2507 
40062654.0 4006.2565 
40062694.0 4006.2701 
40062510.0 4006.2554 
40062572.0 4006.2766 
40062560.0 4006.2784 
40062628.0 4006.257 
20531480.0 2053.1365 
20531397.0 2053.1542 
20531476.0 2053.1348 
20531431.0 2053.1306 
20531540.0 2053.1497 
20531367.0 2053.1273 
20531315.0 2053.1359 
20531291.0 2053.1548 
20531313.0 2053.1265 
20531410.0 2053.1475 
20531452.0 2053.1265 
20531503.0 2053.1369 
20531466.0 2053.1296 
20531519.0 2053.1308 
20531426.0 2053.1374 
20531440.0 2053.1521 
20531257.0 2053.1455 
20531277.0 2053.1319 
20531458.0 2053.1481 
20531298.0 2053.1383 
20531259.0 2053.146 
20531436.0 2053.1363 
20531316.0 2053.135 
20531391.0 2053.1484 
20531342.0 2053.1376 
20531313.0 2053.1279 
20531454.0 2053.1271 
20531324.0 2053.1466 
20531325.0 2053.1348 
20531484.0 2053.1476 
20531480.0 2053.1441 
20531286.0 2053.1429 
20531285.0 2053.1385 
20531273.0 2053.1444 
20531380.0 2053.1393 
20531547.0 2053.1336 
20531481.0 2053.1504 
20531424.0 2053.1546 
20531444.0 2053.1478 
20531296.0 2053.1548 
20531333.0 2053.1405 
20531476.0 2053.1263 
20531532.0 2053.1484 
20531414.0 2053.1326 
20531393.0 2053.1476 
20531437.0 2053.1252 
20531472.0 2053.1505 
20531525.0 2053.1279 
20531425.0 2053.1474 
20531500.0 2053.1373 
20531296.0 2053.1474 
20531414.0 2053.1313 
20531298.0 2053.1416 
20531302.0 2053.1257 
20531402.0 2053.1513 
20531429.0 2053.1319 
20531382.0 2053.1325 
20531528.0 2053.1331 
20531321.0 2053.1437 
20531394.0 2053.129 
20531468.0 2053.1349 
20531438.0 2053.1388 
20531277.0 2053.1541 
20531427.0 2053.1446 
20531470.0 2053.1432 
20531490.0 2053.1534 
20531414.0 2053.1463 
20531445.0 2053.1362 
20531410.0 2053.1291 
20531424.0 2053.1419 
20531270.0 2053.1537 
20531304.0 2053.1462 
20531394.0 2053.1399 
20531529.0 2053.1476 
20531419.0 2053.1391 
20531283.0 2053.1519 
20531402.0 2053.1402 
73.0 0.0257 
159.0 0.0143 
26.0 0.0299 
11.0 0.021 
104.0 0.0054 
66.0 0.0247 
121.0 0.0282 
68.0 0.0087 
256.0 0.0231 
153.0 0.0159 
83.0 0.0216 
21.0 0.0124 
248.0 0.019 
292.0 0.0077 
93.0 0.0299 
236.0 0.0197 
67.0 0.0287 
27.0 0.0002 
53.0 0.027 
19.0 0.0029 
3.0 0.0133 
80.0 0.001 
60.0 0.0183 
164.0 0.0073 
104.0 0.0039 
156.0 0.0281 
70.0 0.0186 
1.0 0.0085 
282.0 0.0164 
36.0 0.0023 
78.0 0.0011 
246.0 0.018 
262.0 0.0256 
277.0 0.0248 
123.0 0.0188 
299.0 0.0283 
127.0 0.0104 
217.0 0.0115 
126.0 0.0181 
123.0 0.027 
56.0 0.0258 
42.0 0.0172 
217.0 0.0069 
152.0 0.009 
94.0 0.0111 
142.0 0.0231 
126.0 0.0045 
67.0 0.0176 
273.0 0.0217 
191.0 0.0285 
282.0 0.0072 
21.0 0.0296 
105.0 0.0284 
51.0 0.0067 
73.0 0.0233 
259.0 0.0147 
98.0 0.0143 
280.0 0.0173 
4.0 0.0114 
201.0 0.0129 
57.0 0.0222 
274.0 0.0099 
270.0 0.0178 
69.0 0.0163 
3.0 0.0188 
64.0 0.0083 
47.0 0.0037 
90.0 0.0002 
194.0 0.001 
18.0 0.0242 
46.0 0.0002 
122.0 0.0003 
197.0 0.0018 
177.0 0.0033 
28.0 0.0066 
4.0 0.0135 
209.0 0.029 
111.0 0.0232 
127.0 0.0123 
142.0 0.0103 
215.0 0.0037 
74.0 0.019 
199.0 0.0292 
131.0 0.0107 
67.0 0.0043 
186.0 0.0125 
278.0 0.0212 
102.0 0.003 
274.0 0.02 
198.0 0.024 
85.0 0.0182 
111.0 0.0068 
148.0 0.0116 
267.0 0.0018 
172.0 0.0115 
234.0 0.0078 
5.0 0.0091 
289.0 0.0025 
114.0 0.027 
93.0 0.0229 
27.0 0.0077 
57.0 0.0259 
150.0 0.0073 
53.0 0.0026 
209.0 0.0218 
229.0 0.0122 
76.0 0.027 
185.0 0.0099 
118.0 0.0092 
250.0 0.0122 
13.0 0.0225 
48.0 0.02 
50.0 0.0011 
242.0 0.0235 
300.0 0.0276 
82.0 0.0241 
56.0 0.0272 
98.0 0.017 
269.0 0.001 
225.0 0.0166 
198.0 0.0285 
246.0 0.0042 
198.0 0.0003 
211.0 0.0135 
44.0 0.0053 
236.0 0.0094 
191.0 0.0242 
45.0 0.0172 
283.0 0.0179 
109.0 0.0097 
151.0 0.0259 
272.0 0.0267 
2.0 0.0133 
290.0 0.0173 
175.0 0.0242 
33.0 0.0029 
167.0 0.0036 
281.0 0.0185 
299.0 0.0116 
298.0 0.0182 
83.0 0.0054 
287.0 0.03 
150.0 0.0233 
171.0 0.0075 
57.0 0.0094 
7.0 0.0275 
101.0 0.0034 
16.0 0.0273 
272.0 0.0031 
144.0 0.0075 
167.0 0.0129 
261.0 0.004 
258.0 0.0299 
212.0 0.0167 
261.0 0.0014 
7.0 0.0154 
146.0 0.0106 
77.0 0.0152 
129.0 0.0297 
148.0 0.0221 
72.0 0.0073 
92.0 0.0082 
250.0 0.005 
299.0 0.0226 
29.0 0.0143 
56.0 0.0246 
165.0 0.0268 
37.0 0.0144 
27.0 0.0036 
66.0 0.0045 
35.0 0.03 
3.0 0.0251 
262.0 0.008 
85.0 0.0257 
226.0 0.0266 
90.0 0.0244 
23.0 0.0052 
256.0 0.0069 
189.0 0.0032 
46.0 0.0102 
268.0 0.0242 
282.0 0.0275 
206.0 0.0125 
160.0 0.0134 
83.0 0.0067 
34.0 0.0195 
265.0 0.0059 
242.0 0.0013 
98.0 0.0033 
269.0 0.0042 
269.0 0.0272 
222.0 0.024 
240.0 0.022 
248.0 0.0246 
78.0 0.0004 
28.0 0.0045 
113.0 0.0152 
184.0 0.0196 
269.0 0.013 
36.0 0.0252 
238.0 0.0285 
231.0 0.0266 
122.0 0.0209 
97.0 0.0299 
166.0 0.002 
94.0 0.0291 
272.0 0.01 
246.0 0.0135 
201.0 0.0048 
225.0 0.0261 
199.0 0.0198 
150.0 0.0232 
284.0 0.01 
248.0 0.002 
85.0 0.0299 
58.0 0.0249 
203.0 0.01 
165.0 0.0047 
33.0 0.0142 
288.0 0.0106 
270.0 0.0239 
161.0 0.0009 
259.0 0.0235 
83.0 0.0006 
194.0 0.0162 
178.0 0.0091 
40.0 0.016 
64.0 0.0039 
237.0 0.0027 
162.0 0.019 
99.0 0.0237 
262.0 0.0063 
232.0 0.013 
285.0 0.0229 
173.0 0.0102 
122.0 0.0036 
63.0 0.008 
252.0 0.0246 
234.0 0.0001 
183.0 0.0192 
62.0 0.007 
108.0 0.018 
58.0 0.0132 
118.0 0.0246 
116.0 0.0156 
97.0 0.0046 
216.0 0.0087 
218.0 0.0195 
24.0 0.0296 
107.0 0.014 
183.0 0.022 
129.0 0.011 
149.0 0.0236 
147.0 0.005 
182.0 0.0128 
27.0 0.0131 
168.0 0.0063 
200.0 0.0267 
286.0 0.0284 
1.0 0.0246 
66.0 0.0016 
176.0 0.0189 
37.0 0.0042 
15.0 0.0169 
186.0 0.0286 
197.0 0.0039 
277.0 0.0232 
255.0 0.002 
192.0 0.0098 
193.0 0.0129 
233.0 0.0245 
82.0 0.0141 
232.0 0.0273 
148.0 0.0092 
147.0 0.0049 
218.0 0.0144 
222.0 0.0269 
96.0 0.0263 
91.0 0.0047 
215.0 0.0272 
84.0 0.0226 
225.0 0.0011 
197.0 0.016 
238.0 0.0177 
87.0 0.0013 
179.0 0.0234 
217.0 0.0247 
74.0 0.0249 
75.0 0.0006 
268.0 0.0264 
40.0 0.0082 
71.0 0.0205 
186.0 0.0169 
47.0 0.0125 
16.0 0.0229 
128.0 0.0003 
65.0 0.0297 
221.0 0.0259 
250.0 0.0166 
158.0 0.0272 
112.0 0.0052 
259.0 0.0292 
196.0 0.0251 
139.0 0.0163 
3.0 0.0113 
92.0 0.0272 
216.0 0.0115 
